x1,x2,x3,x4,x5,x6,x7,x8,x9,x10,x11,x12,x13,x14,x15,x16,x17,x18,x19,x20,x21,x22,x23,x24,x25,x26,x27,x28,x29,x30,x31,x32,x33,x34,x35,x36,x37,x38,x39,x40,x41,x42,x43,x44,x45,x46,x47,x48,x49,x50,x51,x52,x53,x54,x55,x56,x57,x58,x59,x60
1.2722034651218155,-1.0753799220268918,0.7216206308791853,-0.6664337239441486,0.5631196539547195,-0.5346424969079361,0.4777785742999593,-0.4598045495758698,0.42217601369211405,-0.40967041680276584,0.38226026555346293,-0.3731624048147504,0.3520423379135009,-0.3452498545539117,0.3283224135208034,-0.32322225707189906,0.3092613480246666,-0.3054769477086755,0.2937045316629532,-0.29097796197157616,0.2808847476371893,-0.2790499249667467,0.27028288266230616,-0.26921410412664115,0.261526370528314,-0.2611469424512329,0.2543538289944254,-0.2546174971661143,0.24858034307428264,-0.24946355653162286,0.24407668519739623,-0.2455766606351758,0.2407582895756277,-0.24289331631468336,0.23857937114233901,-0.2413905509469562,0.2375301199175688,-0.2410850854380036,0.23763647748294267,-0.24203617100691444,0.23896272494084042,-0.2443538364958232,0.24162207391944124,-0.24821290699875356,0.24578445022148845,-0.25388183613539916,0.25169727756217053,-0.26174688293930776,0.25970094953913875,-0.27242583762237627,0.270297212878067,-0.28688593667555107,0.28418311102157967,-0.3068037596448512,0.30224445893777974,-0.3354793373933445,0.3249343572067531,-0.3811032812930682,0.3443568897179581,-0.4804966785884231
-1.0753799220268918,1.2598888461972682,-0.9132695296014268,0.6331649629253491,-0.5308608543076182,0.467815171989048,-0.41399132170407676,0.38467197816599996,-0.3502985005825001,0.33291691732541323,-0.30845615460608466,0.29701077332528986,-0.2785114238894222,0.2704910157345182,-0.25588742313676743,0.2501009801905347,-0.2382065873810412,0.23399372734490145,-0.22407008530029257,0.2210253569576728,-0.21259512497671726,0.21046968142615907,-0.2032041791939146,0.20182346551205022,-0.19549454207437214,0.19474891508292264,-0.18918723483976407,0.18900628178186676,-0.1840855222292455,0.18442598831657522,-0.1800505361824726,0.18089137065392707,-0.17698769333078263,0.17832800118715575,-0.174838783242566,0.17669753774113514,-0.17357746332539897,0.17599511651894928,-0.17320738730724,0.17624999019007356,-0.17376283747121385,0.17753043647408645,-0.17531536211366436,0.17995314259638243,-0.1779791634476183,0.18370377220623016,-0.1819252614546437,0.18905239793980877,-0.18739167268518725,0.19643640271413537,-0.19473353125989634,0.20654425679249674,-0.20444666203453837,0.22057335509478992,-0.21716321566136446,0.24088513189834163,-0.23320763623148696,0.2733484535018864,-0.24692746763032913,0.3443694047967058
0.7216206308791853,-0.9132695296014268,1.264501992723466,-0.9793698496387057,0.6569932414686142,-0.5835526542100572,0.49384577975085514,-0.4589317928408527,0.41022681878880074,-0.38953718345512633,0.3574218635730471,-0.3437382444683586,0.3204067880442173,-0.31079109046427317,0.29281510836657243,-0.28586402482138323,0.27144905257798535,-0.26637470510319605,0.2544735945903836,-0.2507891174346181,0.2407528107626023,-0.23815793462455376,0.2295534210631641,-0.22783590455857924,0.22036939485657062,-0.21939488698800388,0.21285221510271315,-0.2125333533880029,0.20675669577967828,-0.20703845618914213,0.20190951438055424,-0.20276310969151431,0.19819159273709813,-0.19961179472719037,0.19552772273265692,-0.19753221904180426,0.19388051250127822,-0.19651143478727437,0.19324759119078816,-0.1965758777333852,0.19366179053869226,-0.1977963350693297,0.19519806071342896,-0.2002980276345964,0.19797945044508616,-0.20428337872604518,0.20219239781901607,-0.21004803720394438,0.20809758434395537,-0.21807359976188737,0.21608602927937792,-0.22911974484044878,0.22670477301902536,-0.24450965676782302,0.24065237160031483,-0.26685519290756854,0.25828817081685185,-0.3026513702407549,0.2733604081369774,-0.381133133677912
-0.6664337239441486,0.6331649629253491,-0.9793698496387057,1.2600389601731081,-0.9429184134103223,0.6410759636192723,-0.5452527801036675,0.4725605288262408,-0.4209995402259933,0.3865197815056435,-0.35311515860378184,0.33266098060934046,-0.3086689905327989,0.2951861178016439,-0.2768701978539746,0.2675005597565538,-0.2529346451162518,0.24624507088001021,-0.23431303758158162,0.2294877828405208,-0.21949932733820013,0.21605499067113176,-0.20754900144231822,0.20516333141450602,-0.1978262963686402,0.1962944321409003,-0.18989841411955685,0.189085356734439,-0.18346280205812193,0.18327962973044956,-0.17830529012447632,0.17869765398074053,-0.17427620036604838,0.175218082707127,-0.171275830154752,0.1727664015641703,-0.16924553538823228,0.17130872596040111,-0.16816281073598974,0.17084984787226368,-0.1680396649775953,0.17143605567175185,-0.16892717726106973,0.17316279563063,-0.170920195255462,0.17619383974535777,-0.17416941941085223,0.18077273690126558,-0.17888951171975498,0.18730326576160297,-0.18540812785802052,0.19642723526176042,-0.1941869243232277,0.20926765850969736,-0.2058179819772043,0.22804697971506868,-0.22060696362307494,0.25830142485454266,-0.23323023515653402,0.32497694308302416
0.5631196539547195,-0.5308608543076182,0.6569932414686142,-0.9429184134103223,1.2615658122198816,-0.9659096381619712,0.6463015208985718,-0.566804852523221,0.4788851318133155,-0.44059210583282976,0.39311819081139115,-0.370427265979468,0.3391983622388529,-0.3242054182353638,0.3015635604860468,-0.2910996686313926,0.27366881997357173,-0.2661601631167903,0.2521822893772756,-0.2467341332338607,0.23519970431698267,-0.23128005929432793,0.22155401848956882,-0.2188045246918185,0.21047337452674625,-0.20866455084808075,0.201438060813,-0.20041721181083674,0.19408714837719204,-0.19375214982760366,0.18816574572145758,-0.18845241684291805,0.18349507046934754,-0.18437022978440143,0.17995431997919362,-0.1814121203436915,0.17746947757854667,-0.17953061790959826,0.17600692964982315,-0.17872099704795275,0.17557088287993394,-0.17902335408358822,0.1762073424152874,-0.18052997908575066,0.17800894826005806,-0.18340511241035626,0.18112683544037295,-0.18789511958426436,0.1857783612208681,-0.1944130312608222,0.19229867217272129,-0.20361796032041726,0.20116176472559605,-0.21666627024929455,0.2129772867933017,-0.23585007352535456,0.2280612233001686,-0.2668849806824999,0.24092314856284794,-0.33554303839421185
-0.5346424969079361,0.467815171989048,-0.5835526542100572,0.6410759636192723,-0.9659096381619712,1.259148940117591,-0.9476425079745,0.6398946448492561,-0.5462119054884631,0.4699145714793277,-0.419392025466552,0.38260773672149495,-0.34976198870831143,0.3277623691013019,-0.3041175595631953,0.2895550644592706,-0.2714431376915931,0.2613018771609383,-0.2468446780129722,0.23959715458368583,-0.22772359477856108,0.2225146887747357,-0.2125504622217323,0.2088392408717699,-0.20034252312934575,0.1977869738731543,-0.1904473847944676,0.18882158324702028,-0.18241627197446778,0.1815682856537698,-0.17593358795677871,0.17576391648156647,-0.17077697169788988,0.17122606981920707,-0.16679294478517218,0.16783398610431488,-0.16388166970318646,0.16551728885224556,-0.1619877936959802,0.16425050195855007,-0.16109578617941972,0.16405312388010526,-0.1612318265049442,0.16499508765769247,-0.16246749342238256,0.16721411510969453,-0.16492934076346205,0.17092266985551763,-0.16880459094903533,0.1764851795451186,-0.1743886564467451,0.1844889590507285,-0.1821032041977999,0.19597020143132962,-0.19249340526417077,0.2129890715435416,-0.2058426539853382,0.24069301508936902,-0.21721031105655564,0.30231951360006115
0.4777785742999593,-0.41399132170407676,0.49384577975085514,-0.5452527801036675,0.6463015208985718,-0.9476425079745,1.2597926789386158,-0.9609106191322112,0.6418876395460349,-0.5598646801286594,0.4724744268630964,-0.43248496941479103,0.3853769047148682,-0.3615486606437692,0.3305767683594382,-0.3147899312703064,0.29233785860249883,-0.28129847361645927,0.26400800736690044,-0.2560747862348888,0.2422079293949623,-0.23646804407747168,0.22501638337954116,-0.22089028154297488,0.2112323548204114,-0.2083517130394822,0.20007304172150212,-0.19819287118934095,0.19100673913262703,-0.18996052364192334,0.1836623795474961,-0.1833393374477337,0.17777906857495787,-0.17811097691343925,0.17317578397939823,-0.17412919391347628,0.16973256572278325,-0.1713051165320148,0.16737913264374601,-0.1695996560005189,0.166088761217297,-0.1690222670510853,0.16587914645685445,-0.16963566008390982,0.16681603163041325,-0.17157327333564654,0.16902210702142845,-0.17504424258783322,0.17268195939890896,-0.1804135559579168,0.17809144045398922,-0.18827290723614307,0.18567521468065007,-0.19967020280749334,0.1959845624838026,-0.2166935668519727,0.2093075801948134,-0.2445676259471069,0.22063644074760091,-0.3069003481787293
-0.4598045495758698,0.38467197816599996,-0.4589317928408527,0.4725605288262408,-0.566804852523221,0.6398946448492561,-0.9609106191322112,1.2582709067894478,-0.9486285426204828,0.638373715049932,-0.5456072480965823,0.46752203177752,-0.4174962926980747,0.3794969641835873,-0.3469391696214113,0.32406066963478275,-0.3006043960868287,0.2853784033696405,-0.2673792103559569,0.2567239319117559,-0.24233226542468514,0.23471063723748448,-0.22286337988643568,0.21737987771945713,-0.20742022009139488,0.20352462040051586,-0.19501435859773356,0.19234879372585684,-0.18498427039544618,0.18330841864749509,-0.17687226343719925,0.17602504462925542,-0.17035720784439698,0.1702345952038496,-0.16521453426607235,0.16575630749560957,-0.16129147329800814,0.16247402952851214,-0.15849182131533918,0.16032583042831125,-0.15676714315728224,0.15930053227376345,-0.15611537760447133,0.1594405613858088,-0.15658317919607329,0.16085742586505525,-0.15827283423753927,0.163734089347589,-0.1613454194282272,0.1683998555033943,-0.1660674085225847,0.17539551249389992,-0.17282598898908358,0.18568548889951736,-0.18212700450666006,0.2011985467185385,-0.19423532665190973,0.2267716196330606,-0.2045172471238036,0.2842890991126028
0.42217601369211405,-0.3502985005825001,0.41022681878880074,-0.4209995402259933,0.4788851318133155,-0.5462119054884631,0.6418876395460349,-0.9486285426204828,1.2585695612466943,-0.9581712054658269,0.639333610845079,-0.5559794110604822,0.4688481265943679,-0.4279172092627953,0.3809588875250688,-0.3564293021802991,0.3255570124275279,-0.30925092748686567,0.28687168311862066,-0.27542919492910445,0.2581940470527291,-0.2499684931718152,0.2361342137571437,-0.23017699334895173,0.218744880095285,-0.2144739734609592,0.2048203634219938,-0.2018565722225222,0.19357046516619802,-0.19165748939571667,0.18445634291288457,-0.1834206133451352,0.17710305072206348,-0.17683070561302763,0.17124886850884474,-0.17167194043772074,0.16671453401084688,-0.16780331745083263,0.16338445105365712,-0.1651448105015742,0.1611956624515131,-0.16367178643247915,0.1601349179148015,-0.16341660668088367,0.16024071698206538,-0.1644838905441844,0.16160923779072603,-0.16705041728809727,0.16439651055763232,-0.1714426477029418,0.1688667037660383,-0.178201153566326,0.17540665847694215,-0.18829487387733082,0.18452446355798105,-0.2036671810122408,0.19648787877191815,-0.22920025306791683,0.20662751083662015,-0.2870086784380637
-0.40967041680276584,0.33291691732541323,-0.38953718345512633,0.3865197815056435,-0.44059210583282976,0.4699145714793277,-0.5598646801286594,0.638373715049932,-0.9581712054658269,1.2575313516161908,-0.9487019921435693,0.6371059633525645,-0.5448325878834872,0.4657131058367902,-0.4159570535193093,0.37721304384126947,-0.34480726151475394,0.3213861465317519,-0.29804000850592166,0.2823757153976866,-0.26445557415875887,0.2534625000110727,-0.23911382962923344,0.2312310877229632,-0.21940035399797883,0.21373279026407904,-0.20376571398870003,0.19975397802579387,-0.19121976144623154,0.18849570706670585,-0.18109722845552786,0.17941406759799888,-0.17293859629179492,0.17213226139813012,-0.166422982799304,0.16638950161464044,-0.16132804530631498,0.1620106117379564,-0.15750551883152344,0.1588883744268376,-0.15486649314295228,0.15697518430551974,-0.15337572808749547,0.156282572339705,-0.15305207713664915,0.15689453225152328,-0.1539724320312643,0.15896512508419283,-0.1562721213429544,0.16279167175179599,-0.1601910677541264,0.16887511451768103,-0.1660864894256969,0.17812129045189165,-0.17443136187739589,0.19235504896580985,-0.18547511861485502,0.2161730636628753,-0.19482225022262603,0.27042662829373354
0.38226026555346293,-0.30845615460608466,0.3574218635730471,-0.35311515860378184,0.39311819081139115,-0.419392025466552,0.4724744268630964,-0.5456072480965823,0.639333610845079,-0.9487019921435693,1.2576733639361504,-0.9563854987252998,0.6376238737681819,-0.553458418671731,0.46648264294656544,-0.4249529712361902,0.3780721143176435,-0.35309479434590835,0.3222793261853716,-0.3056215822164718,0.2832854611463133,-0.2715752241608603,0.2543668533158242,-0.2459338596944297,0.2321132411817675,-0.22601059779902777,0.2145758947202316,-0.2102162369401948,0.20054651141876365,-0.1975431402946179,0.18923150636199973,-0.18732370333185366,0.18009110600529998,-0.1791038346877813,0.1727516189982282,-0.1725721359260487,0.16695445698041053,-0.1675188972360871,0.16252559324981533,-0.1638124899344655,0.15935723655821202,-0.16138752588126518,0.15739980401359308,-0.16024234250489372,0.15666163997028368,-0.16045167034600363,0.15721162198200833,-0.16216126192450567,0.1591783193061314,-0.16566362609487806,0.162797792066028,-0.17145733588287235,0.1684253206057628,-0.18044991000340316,0.176534529270559,-0.19447617156436042,0.18737703902653624,-0.21816783207769064,0.1965319860534404,-0.27256383383206556
-0.3731624048147504,0.29701077332528986,-0.3437382444683586,0.33266098060934046,-0.370427265979468,0.38260773672149495,-0.43248496941479103,0.46752203177752,-0.5559794110604822,0.6371059633525645,-0.9563854987252998,1.2569291108211078,-0.9485143507305056,0.6360902749806273,-0.5441201008863942,0.4643322290644575,-0.41474382303611884,0.375531325101165,-0.3432193862337835,0.3194366655233086,-0.29616752476406244,0.28021368971925537,-0.2623493399780972,0.2511237067401734,-0.23680608874062317,0.22875097539173342,-0.21692580223248561,0.21114305927019958,-0.20116200158028466,0.1970869996741672,-0.18852540036170407,0.18578723500236194,-0.17835285692639402,0.1767040700677746,-0.1701879722337954,0.1694658046332228,-0.16371398096674628,0.16381840209678497,-0.1587141952623749,0.1595962716128973,-0.15504821156424967,0.1567066813071505,-0.1526401975264086,0.15512467191394047,-0.15147642947754075,0.15490359515777796,-0.15160567310594975,0.1561675324178263,-0.15313641648563467,0.15918306832008672,-0.15628283911651103,0.1644156244257861,-0.16137490903546478,0.1727220673267043,-0.168857153135074,0.18584433786128055,-0.1789655268217432,0.20819363362973292,-0.18748851902472566,0.25983983559756146
0.3520423379135009,-0.2785114238894222,0.3204067880442173,-0.3086689905327989,0.3391983622388529,-0.34976198870831143,0.3853769047148682,-0.4174962926980747,0.4688481265943679,-0.5448325878834872,0.6376238737681819,-0.9485143507305056,1.2569917083914761,-0.9551148057776069,0.6363897558857635,-0.5516839093654787,0.4648173749355543,-0.4229028643106326,0.37608532327963234,-0.35080191075300443,0.32001790704768923,-0.30312000820645835,0.2808081711244578,-0.26891327785468655,0.25171830350006547,-0.24315017781060225,0.22932972512686237,-0.22313962967561554,0.21169221003078706,-0.2072893707894517,0.19759652976990286,-0.19459317260615197,0.18625088809751017,-0.18438704967019504,0.17711897330983156,-0.17622202002470502,0.16983178475663852,-0.1697936823590441,0.16413697867768545,-0.16490222765145324,0.15986886941240283,-0.16143080868779877,0.15693294592456092,-0.1593370213300236,0.1553019684516418,-0.1586620286263148,0.15501449192170538,-0.15951934498805803,0.15617051865544157,-0.16216904788724948,0.15897907117195612,-0.16707278807121445,0.1637671275789946,-0.17508784172250666,0.17097904928464983,-0.18796476646478616,0.1808526504282139,-0.21014795169191317,0.18915317994699266,-0.26189030072540465
-0.3452498545539117,0.2704910157345182,-0.31079109046427317,0.2951861178016439,-0.3242054182353638,0.3277623691013019,-0.3615486606437692,0.3794969641835873,-0.4279172092627953,0.4657131058367902,-0.553458418671731,0.6360902749806273,-0.9551148057776069,1.2564416651653183,-0.9482605165474118,0.6352850632319329,-0.5435183301361439,0.4632746391964775,-0.41381789146126724,0.37428756285653936,-0.3420336243758059,0.318003433939569,-0.2947845269840939,0.2786382646928229,-0.26080872692387735,0.2494361219384013,-0.23513365318463592,0.2269751557153621,-0.21514710624244665,0.209303605567837,-0.19930509742336966,0.19521355107514768,-0.1866237373626303,0.18391567451186305,-0.1764459930105848,0.1748771546867918,-0.16832177996286946,0.1677343288909397,-0.1619414264736131,0.1622435411244389,-0.15709688810346947,0.15825396337210693,-0.15366088511084036,0.15569558780688672,-0.15157988304006043,0.15458575491249055,-0.15086987444732916,0.1550156229697861,-0.1516097826676171,0.15722040587527802,-0.153987280773882,0.1616321976059921,-0.15830615880312437,0.1690655280217425,-0.164985146071106,0.1811952285089439,-0.17424768940926638,0.20228968485495155,-0.1820233374000439,0.25183613734307914
0.3283224135208034,-0.25588742313676743,0.29281510836657243,-0.2768701978539746,0.3015635604860468,-0.3041175595631953,0.3305767683594382,-0.3469391696214113,0.3809588875250688,-0.4159570535193093,0.46648264294656544,-0.5441201008863942,0.6363897558857635,-0.9482605165474118,1.2564638242781592,-0.954170033232078,0.6354646380779205,-0.5503837496999521,0.4635941027453154,-0.4214213426089898,0.37465992898538103,-0.3491469984553446,0.3183969798478014,-0.30134204813949467,0.2790429161840101,-0.2670324378706775,0.24984049926608468,-0.2411941893832838,0.22736669136650184,-0.2211351338986411,0.20967063373569664,-0.2052654133540484,0.1955469457236066,-0.19258372960992806,0.18420951016073683,-0.18243249128485936,0.17512847575007745,-0.1743706951965511,0.16794230493885381,-0.1681044612923886,0.1624076735577826,-0.163448952851611,0.15837217075573268,-0.160310376980767,0.15576447017200706,-0.15868973462608862,0.15458739967181126,-0.15866467057537612,0.15490924718032612,-0.1604619016276403,0.15691106741526106,-0.16450840088079063,0.16089265003518002,-0.1716183321194049,0.16727195576661627,-0.183475113605005,0.17627404584393228,-0.2043821387181881,0.1838036594603427,-0.2540221511025152
-0.32322225707189906,0.2501009801905347,-0.28586402482138323,0.2675005597565538,-0.2910996686313926,0.2895550644592706,-0.3147899312703064,0.32406066963478275,-0.3564293021802991,0.37721304384126947,-0.4249529712361902,0.4643322290644575,-0.5516839093654787,0.6352850632319329,-0.954170033232078,1.256049598307326,-0.9480098412522584,0.6346504721673011,-0.543028540937096,0.46246880052578326,-0.41311474549975447,0.37334322865560693,-0.341130607334642,0.31693796113815376,-0.29374708404110283,0.27748486847721365,-0.25967363205656147,0.24821849316111566,-0.23392193418997986,0.22571283873407363,-0.21387732417209768,0.20802011954051403,-0.19800225343309544,0.19393972947737798,-0.18532155458212413,0.1826908785473515,-0.17518691888938548,0.17375021685108336,-0.16715710590674646,0.16676544513537997,-0.16093212718071273,0.16150809507017908,-0.15631729907018002,0.1578503058695618,-0.1532086457536042,0.1557650834241627,-0.15158229167311355,0.15530548787729315,-0.15148295908671877,0.15667274148566884,-0.15306939605637265,0.160265819154205,-0.1566187193183521,0.16686106787358437,-0.16252495768175887,0.17807802775675485,-0.1709991143419221,0.19807609869386467,-0.17807682867903302,0.24592094722561098
0.3092613480246666,-0.2382065873810412,0.27144905257798535,-0.2529346451162518,0.27366881997357173,-0.2714431376915931,0.29233785860249883,-0.3006043960868287,0.3255570124275279,-0.34480726151475394,0.3780721143176435,-0.41474382303611884,0.4648173749355543,-0.5435183301361439,0.6354646380779205,-0.9480098412522584,1.2560507169073827,-0.9534522146391182,0.6347599985052105,-0.5494140919529006,0.46269375606430113,-0.4203184304112768,0.37360909420968325,-0.34796446332080133,0.3172218492902244,-0.30007358474310136,0.27777532684787426,-0.2657007340084494,0.24850525275064514,-0.23982334174940095,0.22598471343880053,-0.21975087784641073,0.20826683280671335,-0.20389880206608488,0.19415354824758718,-0.19127325288662816,0.18286697662485596,-0.1812256158174533,0.17388610880715766,-0.17332610543002958,0.16685925494679835,-0.16729605744503992,0.16155646501955578,-0.1629738446011567,0.157849503954194,-0.16030981597112046,0.1556970336569724,-0.15933926501668386,0.15513015629918797,-0.1602521462590646,0.15629903655860547,-0.16344056404698257,0.15947550790014287,-0.16967966497961265,0.16505212228311614,-0.1805979638040395,0.17324116402348277,-0.20039328034373946,0.18005012379035246,-0.24834741251396222
-0.3054769477086755,0.23399372734490145,-0.26637470510319605,0.24624507088001021,-0.2661601631167903,0.2613018771609383,-0.28129847361645927,0.2853784033696405,-0.30925092748686567,0.3213861465317519,-0.35309479434590835,0.375531325101165,-0.4229028643106326,0.4632746391964775,-0.5503837496999521,0.6346504721673011,-0.9534522146391182,1.2557362482467609,-0.9477866436107428,0.6341546574252886,-0.5426419781267349,0.4618671202604885,-0.41258110739908616,0.3726298400633022,-0.3404486936607442,0.31615431168054314,-0.29298415656294546,0.27666101510753965,-0.2588624095514415,0.24737230141399888,-0.23307672413129168,0.22486188150556238,-0.21301479501116902,0.20718910432020113,-0.19714899877782383,0.1931634432290646,-0.18451527927820235,0.18201527843284016,-0.1744762472061247,0.17323390564123872,-0.1666017042797289,0.1664828564285626,-0.16060549519475464,0.16155708881180608,-0.1563175302352955,0.1583727340548414,-0.15366359018301703,0.15693664948089092,-0.15264711417301266,0.1574111125884493,-0.15339358342235945,0.16016014626996863,-0.15615130409809005,0.16592386414223334,-0.16128921720565878,0.17627521672494362,-0.16900504487682375,0.19529210126452223,-0.17541092956515175,0.2417538324980239
0.2937045316629532,-0.22407008530029257,0.2544735945903836,-0.23431303758158162,0.2521822893772756,-0.2468446780129722,0.26400800736690044,-0.2673792103559569,0.28687168311862066,-0.29804000850592166,0.3222793261853716,-0.3432193862337835,0.37608532327963234,-0.41381789146126724,0.4635941027453154,-0.543028540937096,0.6347599985052105,-0.9477866436107428,1.2557270830815068,-0.9529045651092553,0.6342331953231678,-0.5487165633358196,0.46202020788234677,-0.4194711972565356,0.37280740161736164,-0.34707490840282595,0.3163491690537889,-0.29915452062431336,0.27686281787770156,-0.26476803991146397,0.2475693257065432,-0.23889443668168278,0.22504232261081167,-0.21884977917277,0.20734322429389068,-0.20305909673280081,0.19328441951465344,-0.19053942451078332,0.1820988891998199,-0.18065473048711342,0.17327683859658646,-0.1729911201837857,0.16648043285128358,-0.1672936414967358,0.16150527109388438,-0.16344588810955135,0.1582532427757154,-0.16143057236935482,0.15670987688197793,-0.1613946354743135,0.15698929209770224,-0.16369270594877924,0.15933272683102537,-0.16906246188642465,0.16410665125590498,-0.17908619720105184,0.171509562187867,-0.1978843667661115,0.17762117093209537,-0.24447763084889693
-0.29097796197157616,0.2210253569576728,-0.2507891174346181,0.2294877828405208,-0.2467341332338607,0.23959715458368583,-0.2560747862348888,0.2567239319117559,-0.27542919492910445,0.2823757153976866,-0.3056215822164718,0.3194366655233086,-0.35080191075300443,0.37428756285653936,-0.4214213426089898,0.46246880052578326,-0.5494140919529006,0.6341546574252886,-0.9529045651092553,1.2554908981976645,-0.947606386767941,0.6337827748304843,-0.542338692991673,0.4614055538620305,-0.41217376282130347,0.3720965963465396,-0.33993784675926564,0.3155905870582513,-0.29243467345425506,0.27609376617197795,-0.25830078731005496,0.24681837330030398,-0.23251669738085146,0.22434096060881573,-0.21247633905807173,0.20673098159711542,-0.19666421567658596,0.19281049347952964,-0.18412916523085907,0.18182392206691753,-0.17424641692375084,0.17327719842355563,-0.16660030026097286,0.1668579548334592,-0.16093087463329844,0.16240639064119441,-0.15709807131569697,0.1598708653498403,-0.15505358715788917,0.15936672008593195,-0.15488283647783802,0.1612188076929332,-0.15680125301293338,0.16613071729936876,-0.16115070707241963,0.17563478279961617,-0.16811379543603946,0.19374992362733487,-0.1738533357243614,0.239085372546887
0.2808847476371893,-0.21259512497671726,0.2407528107626023,-0.21949932733820013,0.23519970431698267,-0.22772359477856108,0.2422079293949623,-0.24233226542468514,0.2581940470527291,-0.26445557415875887,0.2832854611463133,-0.29616752476406244,0.32001790704768923,-0.3420336243758059,0.37465992898538103,-0.41311474549975447,0.46269375606430113,-0.5426419781267349,0.6342331953231678,-0.947606386767941,1.2554771209300306,-0.9524896484112312,0.6338214435786959,-0.5481755592245813,0.4615120001270939,-0.4188525492253349,0.37221203358252103,-0.3464323907018994,0.31571755913388805,-0.29851376702003396,0.2762236946113528,-0.264146886344644,0.2469393494844859,-0.23831261081693877,0.2244418070092065,-0.21833638977759773,0.20680307285990052,-0.2026553918917976,0.19284791117093092,-0.1903005019742279,0.1818218896006527,-0.18065229011987335,0.17322965696943673,-0.17332122375353107,0.16676056511656645,-0.16809887068565724,0.16224060002440507,-0.1648994891827743,0.1595971148446053,-0.16381685831240447,0.15890006052064481,-0.16516261372344895,0.16035519622098757,-0.1696359175331711,0.16430042831920214,-0.17877850724515823,0.1709183177504913,-0.19665635445221077,0.17633419724535757,-0.24214865046035217
-0.2790499249667467,0.21046968142615907,-0.23815793462455376,0.21605499067113176,-0.23128005929432793,0.2225146887747357,-0.23646804407747168,0.23471063723748448,-0.2499684931718152,0.2534625000110727,-0.2715752241608603,0.28021368971925537,-0.30312000820645835,0.318003433939569,-0.3491469984553446,0.37334322865560693,-0.4203184304112768,0.4618671202604885,-0.5487165633358196,0.6337827748304843,-0.9524896484112312,1.25530141082384,-0.9474557485331967,0.6334921989310919,-0.5421017446193634,0.46106649733363764,-0.4118737354016273,0.3717188871441341,-0.3395725378161786,0.31521146846570447,-0.2920609676396078,0.27574025572152555,-0.25794352152858446,0.2465103003891795,-0.23219394267853147,0.2241044888319541,-0.2122153232237296,0.2066049158389323,-0.19650593324005788,0.19284881258058864,-0.18412870837079434,0.1820980764081429,-0.1744742330006611,0.17388360820009266,-0.16715502315048636,0.16793980138666753,-0.1619415883325182,0.16413775631308125,-0.15871838799634988,0.16253356746424036,-0.15752056354517438,0.1634056322424116,-0.1585241535711875,0.16741821738815696,-0.1620400921225427,0.17606647347683999,-0.16823278161696237,0.1933290553969568,-0.17329210937446038,0.23774866983720097
0.27028288266230616,-0.2032041791939146,0.2295534210631641,-0.20754900144231822,0.22155401848956882,-0.2125504622217323,0.22501638337954116,-0.22286337988643568,0.2361342137571437,-0.23911382962923344,0.2543668533158242,-0.2623493399780972,0.2808081711244578,-0.2947845269840939,0.3183969798478014,-0.341130607334642,0.37360909420968325,-0.41258110739908616,0.46202020788234677,-0.542338692991673,0.6338214435786959,-0.9474557485331967,1.255285856799265,-0.9521776189509528,0.6335120639672656,-0.5477779417096603,0.4611435303783376,-0.4184228287326467,0.37179136340725516,-0.34599911848303094,0.31528791540975815,-0.2981086216460321,0.27581280698938543,-0.26379101320443443,0.2465674760100755,-0.23803199622338803,0.22413613297789847,-0.2181690414779655,0.20660343863143515,-0.20265419408477225,0.19280792692842186,-0.19053568803484688,0.18201027437264772,-0.18121929966411715,0.17374426111113625,-0.17436355875687243,0.1677300314847507,-0.1697893218387221,0.16381764743316685,-0.16752126038396253,0.1620205138791506,-0.16781857454408303,0.16250105902974488,-0.17133782345438578,0.165563950549238,-0.179582951880417,0.17137226325760904,-0.1965842048738249,0.17607264552029406,-0.24118566535741692
-0.26921410412664115,0.20182346551205022,-0.22783590455857924,0.20516333141450602,-0.2188045246918185,0.2088392408717699,-0.22089028154297488,0.21737987771945713,-0.23017699334895173,0.2312310877229632,-0.2459338596944297,0.2511237067401734,-0.26891327785468655,0.2786382646928229,-0.30134204813949467,0.31693796113815376,-0.34796446332080133,0.3726298400633022,-0.4194711972565356,0.4614055538620305,-0.5481755592245813,0.6334921989310919,-0.9521776189509528,1.2551586729428796,-0.9473394531263081,0.6332815316137779,-0.5419303859292421,0.4608381823694237,-0.4116692936364538,0.3714812235294477,-0.33933867809161866,0.31499902682701914,-0.2918444429870966,0.275580084537935,-0.25776948483008283,0.24642810051795286,-0.2320876869121263,0.2241363304578136,-0.2122143782370135,0.2068024933223283,-0.1966628558208913,0.19328202776974632,-0.184512231554048,0.18286284346534712,-0.17518359642581077,0.1751243754703179,-0.16832048699927515,0.1698309505710986,-0.16371652670160214,0.16696043933100885,-0.1613412631268819,0.16673312336079638,-0.16132136837142494,0.16976794228996078,-0.1639305144167977,0.17752354607052587,-0.16931023340326565,0.19395374567078827,-0.1736549944942454,0.23762951907816235
0.261526370528314,-0.19549454207437214,0.22036939485657062,-0.1978262963686402,0.21047337452674625,-0.20034252312934575,0.2112323548204114,-0.20742022009139488,0.218744880095285,-0.21940035399797883,0.2321132411817675,-0.23680608874062317,0.25171830350006547,-0.26080872692387735,0.2790429161840101,-0.29374708404110283,0.3172218492902244,-0.3404486936607442,0.37280740161736164,-0.41217376282130347,0.4615120001270939,-0.5421017446193634,0.6335120639672656,-0.9473394531263081,1.2551445563136179,-0.9519543844870875,0.6332910112278887,-0.5475065988912289,0.46089202034717214,-0.4181509877766083,0.37151966068701525,-0.34574926872338585,0.3150328598852061,-0.2979121131523391,0.27560153372491564,-0.26367429334641646,0.24642628974083158,-0.23803068219994386,0.2241020180523345,-0.2183339368482429,0.20672773116382567,-0.20305408389977558,0.19315769079880124,-0.19126558185908255,0.18268395809359333,-0.18242402640624544,0.1748716613406439,-0.17621630983637573,0.16946365442205247,-0.17257274666626424,0.16639782745208961,-0.17168483556362688,0.16578115234853608,-0.17415841415669914,0.16787745366965565,-0.18145918515879975,0.17282489506150034,-0.19759691720194147,0.1767680635483279,-0.24147842327346472
-0.2611469424512329,0.19474891508292264,-0.21939488698800388,0.1962944321409003,-0.20866455084808075,0.1977869738731543,-0.2083517130394822,0.20352462040051586,-0.2144739734609592,0.21373279026407904,-0.22601059779902777,0.22875097539173342,-0.24315017781060225,0.2494361219384013,-0.2670324378706775,0.27748486847721365,-0.30007358474310136,0.31615431168054314,-0.34707490840282595,0.3720965963465396,-0.4188525492253349,0.46106649733363764,-0.5477779417096603,0.6332815316137779,-0.9519543844870875,1.2550589579311129,-0.9472578050751105,0.6331455649520041,-0.5418197942748945,0.46070949891921215,-0.41155052722882063,0.37137194812826935,-0.33922428114500536,0.31494155208898444,-0.29177260157418555,0.2756032724549696,-0.25776795308817424,0.24656653207991724,-0.23219156401804286,0.2244396541962598,-0.21247375264377838,0.2073391563331305,-0.19714478055816317,0.19414778279657857,-0.18531704786974842,0.18420405652934996,-0.17644345302534778,0.17711692696060852,-0.17018922816646465,0.17275608109579188,-0.1664348303003203,0.1712653432527771,-0.16524246007552865,0.17320787426323944,-0.16683877877079456,0.1800032336046857,-0.1713355568244536,0.19559283755184018,-0.17490923688734875,0.23866576468611042
0.2543538289944254,-0.18918723483976407,0.21285221510271315,-0.18989841411955685,0.201438060813,-0.1904473847944676,0.20007304172150212,-0.19501435859773356,0.2048203634219938,-0.20376571398870003,0.2145758947202316,-0.21692580223248561,0.22932972512686237,-0.23513365318463592,0.24984049926608468,-0.25967363205656147,0.27777532684787426,-0.29298415656294546,0.3163491690537889,-0.33993784675926564,0.37221203358252103,-0.4118737354016273,0.4611435303783376,-0.5419303859292421,0.6332910112278887,-0.9472578050751105,1.2550478635927245,-0.9518103744167641,0.6331481826429184,-0.5473488178649771,0.46074258515250316,-0.41801830315106203,0.3713797753587597,-0.34566658014471574,0.3149353901951551,-0.29791048861556285,0.27557514305194847,-0.26378810804854,0.24650590239466436,-0.2383087217220062,0.22433659521007518,-0.2188434866566483,0.20718254544130874,-0.20388996108859755,0.19393207662797193,-0.19257443151155368,0.1839094248296908,-0.18438068087881934,0.17670115673814304,-0.17910348199061776,0.17213977033080932,-0.17684205690888116,0.17025805264693444,-0.17813750459597466,0.17126715261399075,-0.18441276423876227,0.17527223917809437,-0.199669014938627,0.17839207638127513,-0.242968872239468
-0.2546174971661143,0.18900628178186676,-0.2125333533880029,0.189085356734439,-0.20041721181083674,0.18882158324702028,-0.19819287118934095,0.19234879372585684,-0.2018565722225222,0.19975397802579387,-0.2102162369401948,0.21114305927019958,-0.22313962967561554,0.2269751557153621,-0.2411941893832838,0.24821849316111566,-0.2657007340084494,0.27666101510753965,-0.29915452062431336,0.3155905870582513,-0.3464323907018994,0.3717188871441341,-0.4184228287326467,0.4608381823694237,-0.5475065988912289,0.6331455649520041,-0.9518103744167641,1.2549994234929334,-0.9472094134810488,0.6330795808097827,-0.5417652144384787,0.46067299494087005,-0.4115108981211486,0.37138514833977854,-0.3392225440771492,0.31503546455373116,-0.29184084574578356,0.27581125524841876,-0.2579390120465923,0.24693561787983992,-0.23251227941139146,0.22503641588205497,-0.21300904747680188,0.2082593699087945,-0.19799651706067872,0.1955404409988549,-0.18662019386073497,0.18624820976098763,-0.17835336455135856,0.18009480958126298,-0.17294983724951551,0.17711826677142267,-0.1703840270113381,0.1778087493765605,-0.17082071313834124,0.18353968428576867,-0.17433178840173752,0.19824931761663764,-0.17705175052480235,0.24083222052966774
0.24858034307428264,-0.1840855222292455,0.20675669577967828,-0.18346280205812193,0.19408714837719204,-0.18241627197446778,0.19100673913262703,-0.18498427039544618,0.19357046516619802,-0.19121976144623154,0.20054651141876365,-0.20116200158028466,0.21169221003078706,-0.21514710624244665,0.22736669136650184,-0.23392193418997986,0.24850525275064514,-0.2588624095514415,0.27686281787770156,-0.29243467345425506,0.31571755913388805,-0.3395725378161786,0.37179136340725516,-0.4116692936364538,0.46089202034717214,-0.5418197942748945,0.6331481826429184,-0.9472094134810488,1.2549919503868874,-0.95173939919785,0.6330765949781679,-0.5472960948302793,0.4606864165950924,-0.41801666201467264,0.3713632150089823,-0.345745738624925,0.31498924266159034,-0.2981035989836144,0.2757321773222379,-0.2641409587815484,0.24681168488105865,-0.2388864090995341,0.22485385204943314,-0.21974065632644443,0.20801153140176876,-0.20525552349735332,0.1952066919350059,-0.19458669098419407,0.18578403730299822,-0.18732311443674182,0.17942146205064594,-0.1834312301070398,0.17604791096427042,-0.1833639942725875,0.17580347199596938,-0.18849122009780192,0.17874824870340209,-0.2028135181611691,0.18094962396900188,-0.24564035661478736
-0.24946355653162286,0.18442598831657522,-0.20703845618914213,0.18327962973044956,-0.19375214982760366,0.1815682856537698,-0.18996052364192334,0.18330841864749509,-0.19165748939571667,0.18849570706670585,-0.1975431402946179,0.1970869996741672,-0.2072893707894517,0.209303605567837,-0.2211351338986411,0.22571283873407363,-0.23982334174940095,0.24737230141399888,-0.26476803991146397,0.27609376617197795,-0.29851376702003396,0.31521146846570447,-0.34599911848303094,0.3714812235294477,-0.4181509877766083,0.46070949891921215,-0.5473488178649771,0.6330795808097827,-0.95173939919785,1.2549779894146,-0.9471926901934936,0.6330807271940491,-0.5417638785271677,0.4607263817310591,-0.41154802592184525,0.3715215986538258,-0.3393332458284659,0.3152866713160674,-0.29205364965046904,0.27621855475444423,-0.2582934713688874,0.2475611566978658,-0.23306845778547594,0.22597501630945116,-0.2138696908301876,0.20966293046454476,-0.19930025499028936,0.1975934114179272,-0.18852529099962215,0.18923489677296335,-0.18110832121469342,0.18447089083485718,-0.17689859365208996,0.1836902950650469,-0.17597595941248165,0.18820670407977583,-0.17835738596029097,0.20196034886286926,-0.18010868668451538,0.24413838202980503
0.24407668519739623,-0.1800505361824726,0.20190951438055424,-0.17830529012447632,0.18816574572145758,-0.17593358795677871,0.1836623795474961,-0.17687226343719925,0.18445634291288457,-0.18109722845552786,0.18923150636199973,-0.18852540036170407,0.19759652976990286,-0.19930509742336966,0.20967063373569664,-0.21387732417209768,0.22598471343880053,-0.23307672413129168,0.2475693257065432,-0.25830078731005496,0.2762236946113528,-0.2920609676396078,0.31528791540975815,-0.33933867809161866,0.37151966068701525,-0.41155052722882063,0.46074258515250316,-0.5417652144384787,0.6330765949781679,-0.9471926901934936,1.254974205933704,-0.9517380251447298,0.6330723389527861,-0.5473452493146075,0.4607199252779352,-0.418145724435299,0.37146867714541937,-0.34599157607073366,0.3151978467493933,-0.29850488708477185,0.27608267395735875,-0.26475726002448313,0.24736123534539992,-0.23981089578033316,0.22570232463143056,-0.22112434132250622,0.20929561116261047,-0.2072828313823195,0.197083457161545,-0.19754260347347524,0.18850323275081468,-0.19166776008026318,0.18333106713382713,-0.18998371160146238,0.18160677714592435,-0.19378759407699325,0.1833270337662077,-0.20708223693535757,0.18447862555170394,-0.2495152079718644
-0.2455766606351758,0.18089137065392707,-0.20276310969151431,0.17869765398074053,-0.18845241684291805,0.17576391648156647,-0.1833393374477337,0.17602504462925542,-0.1834206133451352,0.17941406759799888,-0.18732370333185366,0.18578723500236194,-0.19459317260615197,0.19521355107514768,-0.2052654133540484,0.20802011954051403,-0.21975087784641073,0.22486188150556238,-0.23889443668168278,0.24681837330030398,-0.264146886344644,0.27574025572152555,-0.2981086216460321,0.31499902682701914,-0.34574926872338585,0.37137194812826935,-0.41801830315106203,0.46067299494087005,-0.5472960948302793,0.6330807271940491,-0.9517380251447298,1.2549937604217443,-0.947206834512564,0.633149071011513,-0.5418154507446763,0.46087254519184817,-0.4116636939844856,0.37178927831748004,-0.3395629697782671,0.3157118323335183,-0.29242363876208466,0.2768522238906281,-0.2588502549746354,0.24849252168456604,-0.23391109921158262,0.22735718288487483,-0.21513997705525792,0.21168831524507062,-0.2011607870514282,0.2005495098409636,-0.1912306203254756,0.19358441903786144,-0.1850102227508368,0.19103302043310466,-0.1824575265694114,0.19412457983170694,-0.18351157251424507,0.2068005630376223,-0.1841377541772134,0.2486292727901533
0.2407582895756277,-0.17698769333078263,0.19819159273709813,-0.17427620036604838,0.18349507046934754,-0.17077697169788988,0.17777906857495787,-0.17035720784439698,0.17710305072206348,-0.17293859629179492,0.18009110600529998,-0.17835285692639402,0.18625088809751017,-0.1866237373626303,0.1955469457236066,-0.19800225343309544,0.20826683280671335,-0.21301479501116902,0.22504232261081167,-0.23251669738085146,0.2469393494844859,-0.25794352152858446,0.27581280698938543,-0.2918444429870966,0.3150328598852061,-0.33922428114500536,0.3713797753587597,-0.4115108981211486,0.4606864165950924,-0.5417638785271677,0.6330723389527861,-0.947206834512564,1.2549935547628366,-0.9518059936591187,0.6331347121332597,-0.547498768980379,0.4608446548603287,-0.41841297458287846,0.37170187204852817,-0.3464199085210102,0.31557309988622567,-0.29913976768260464,0.2766446306812191,-0.26568475713059186,0.24820424340101094,-0.2411816667752265,0.22696470618118095,-0.22313253437495909,0.21113842554992915,-0.21021548500859008,0.19976125582867316,-0.20186630559975463,0.19237098750425932,-0.1982143877966155,0.1888588898496143,-0.20044904311579786,0.18912934049350758,-0.2125699846385103,0.18905288538259465,-0.2546559914891966
